// -------------------------------------------------------
// CL_fr_bodyConvert
// Neptune: ICRS --> BCI
// Manual validation
// -------------------------------------------------------
// define TREF
%CL_TT_TREF = 67.184; 

COMPAR_CRIT = "norm";
RELATIVE_PRECISION = 1e-7;
// Inputs
inputs = struct();
inputs.body = "Neptune";
inputs.frame1 = "ICRS";
inputs.frame2 = "BCI";
inputs.cjd = CL_dat_cal2cjd(2010,02,03,05,35,25); 
inputs.pos1 = [1e5;3e4;6e6];
inputs.vel1 = [-1e3;3e3;6e3];

// Outputs
outputs = struct();
outputs.pos2 = [101849.21;4375999.3;4105016.1];
outputs.vel2 = [601.40054;6506.9927;1815.8644];
outputs.jacob = [0.8712291,0.4908766,0.,0.,0.,0.;
-0.3344684,0.5936290,0.7319395,0.,0.,0.;
0.3592920,-0.6376870,0.6813696,0.,0.,0.;
-1.733D-12,3.075D-12,1.262D-29,0.8712291,0.4908766,0.;
-2.146D-12,-1.091D-12,-9.579D-14,-0.3344684,0.5936290,0.7319395;
2.204D-12,1.352D-12,1.029D-13,0.3592920,-0.6376870,0.6813696];
TEST_OK = [];

//=========================
// Compute output
//=========================
[pos2,vel2,jacob] = CL_fr_bodyConvert(inputs.body,inputs.frame1,inputs.frame2,inputs.cjd,inputs.pos1,inputs.vel1);

//=========================
// Compare reference and computed output
//=========================

TEST_OK($+1) = CL__isEqual(pos2, outputs.pos2, relative = %t, compar_crit = "norm", prec = 1e-007);

TEST_OK($+1) = CL__isEqual(vel2, outputs.vel2, relative = %t, compar_crit = "norm", prec = 1e-007);

TEST_OK($+1) = CL__isEqual(jacob, outputs.jacob, relative = %t, compar_crit = "norm", prec = 1e-007);
