// -------------------------------------------------------
// CL_fr_bodyConvert
// Venus: BCF --> ICRS
// Manual validation
// -------------------------------------------------------

COMPAR_CRIT = "norm";
RELATIVE_PRECISION = 1e-7;
// Inputs
inputs = struct();
inputs.body = "Venus";
inputs.frame1 = "BCF";
inputs.frame2 = "ICRS";
inputs.cjd = CL_dat_cal2cjd(2010,02,03,05,35,25);
inputs.pos1 = [1e5;3e4;6e6];
inputs.vel1 = [-1e3;3e3;6e3];

// Outputs
outputs = struct();
outputs.pos2 = [60723.963;-2242878.;5565672.5];
outputs.vel2 = [-2590.8838;-3857.8841;4940.0257];
outputs.jacob = [-0.2217306,-0.9749288,0.0186908,0.,0.,0.;
0.8971936,-0.211484,-0.3877088,0.,0.,0.;
0.3819413,-0.0691976,0.9215924,0.,0.,0.;
0.0000003,-6.635D-08,0.,-0.2217306,-0.9749288,0.0186908;
6.329D-08,0.0000003,0.,0.8971936,-0.211484,-0.3877088;
2.071D-08,0.0000001,0.,0.3819413,-0.0691976,0.9215924];
TEST_OK = [];

//=========================
// Compute output
//=========================
[pos2,vel2,jacob] = CL_fr_bodyConvert(inputs.body,inputs.frame1,inputs.frame2,inputs.cjd,inputs.pos1,inputs.vel1);

//=========================
// Compare reference and computed output
//=========================

TEST_OK($+1) = CL__isEqual(pos2, outputs.pos2, relative = %t, compar_crit = "norm", prec = 1e-007);

TEST_OK($+1) = CL__isEqual(vel2, outputs.vel2, relative = %t, compar_crit = "norm", prec = 1e-007);

TEST_OK($+1) = CL__isEqual(jacob, outputs.jacob, relative = %t, compar_crit = "norm", prec = 1e-007);
